140.26862
20.610289
65.017395
147.70668
135.07864
180.49818
151.45485
75.978424
73.779396
60.85883
162.18637
137.27512
104.82763
7.996829
139.95384
82.65196
2.1485758
121.010956
50.119675
94.97274
154.54018
51.50707
153.05148
31.500826
8.075812
44.427483
152.0425
69.32844
72.644485
5.208171
104.56685
38.171852
158.65025
141.17004
67.67656
40.880394
171.02534
43.9963
37.60497
134.0775
155.09438
155.34293
139.14911
69.67228
162.45975
189.07463
22.161345
182.55052
84.9614
71.314255
30.488363
50.574196
90.8965
103.4384
122.95359
150.08897
90.06769
153.34787
146.48662
183.45955
152.86154
136.7864
88.26135
64.722786
13.441086
63.177013
166.71225
115.26916
98.26983
89.3898
60.55575
43.533184
138.56677
150.05125
20.45199
160.9938
148.92537
14.449805
59.699654
21.356192
184.2117
57.787758
78.36448
60.60648
22.990303
28.475433
39.49999
62.70147
168.10873
43.358162
186.62662
178.9756
103.70464
149.2124
168.39336
188.9177
2.782249
51.54246
19.353806
105.79045
40.63769
30.654654
35.046227
102.635864
136.79567
40.18094
75.075325
62.530052
121.75238
114.669586
129.65085
41.52153
4.7029505
100.555504
93.04621
173.50674
4.5639644
168.76834
1.6982886
43.36759
98.984795
167.43172
115.176735
108.0157
44.67414
29.552292
145.00981
154.5584
127.25096
163.29266
69.360855
50.621784
109.961876
21.36722
110.807655
163.9369
167.98996
71.296005
199.98482
6.6146097
18.71233
169.69601
199.60677
94.10581
188.14743
81.48544
121.397224
99.66357
189.96486
178.82158
132.70848
132.19405
135.81422
4.7877336
120.12172
168.70364
144.36165
193.29097
154.07756
132.11983
71.30581
199.32669
181.59364
21.083529
143.77805
12.712033
63.383823
70.38155
49.91381
103.58531
67.20184
149.00713
108.015785
79.41374
130.98938
87.40784
119.61138
120.94729
17.416924
166.2998
196.84068
8.501722
95.663216
196.49777
46.993267
50.149155
106.78717
72.53063
95.64548
79.839874
95.80378
192.38284
34.73208
106.174324
126.58335
101.52172
93.019745
161.48962
34.951363
141.44165
143.83188
26.120304
120.87381
161.27611
88.50762
184.13794
132.37111
85.598755
183.96046
4.5702915
151.81085
122.3554
118.834755
136.04524
59.48818
41.938763
85.14134
53.000397
119.90986
61.738186
40.885876
198.04477
112.95617
30.067093
14.087057
27.753756
115.102425
19.19086
59.713913
88.12436
125.14006
109.24854
148.45465
21.11283
24.344444
73.18177
39.862305
135.12196
62.795048
57.354874
72.30492
60.001064
171.56088
193.37013
188.28139
51.066296
114.72235
173.65286
6.0463386
106.8452
15.708046
176.7009
147.12039
21.693626
119.18333
137.46376
134.14536
7.129464
182.73482
24.136772
184.67603
184.6722
31.85316
104.72579
143.88377
78.17297
157.22409
165.05879
22.77926
15.065318
185.09538
74.49048
138.44502
83.66139
9.49567
186.36652
88.90112
187.5646
139.33833
7.38459
137.60995
188.46443
183.95175
173.30925
31.25915
135.02437
177.33507
28.068426
29.344183
138.27002
24.446362
19.079348
185.20552
172.8285
142.08772
93.72206
85.55734
158.56685
162.46004
110.199165
129.17816
108.62134
169.21764
160.59062
5.3162923
117.50607
143.86084
44.73258
118.49605
106.933235
114.562675
130.61996
98.79303
147.1739
120.03311
90.35245
35.28018
28.232738
127.78274
110.21383
75.22873
167.80588
79.155106
139.29541
142.78104
111.93598
72.754845
163.1439
148.19519
9.474407
143.40685
167.23502
182.39421
122.905075
145.539
189.64395
21.434881
75.78068
107.88938
53.10462
1.6451918
130.96637
90.69616
13.719284
168.56076
144.08218
47.03667
66.90122
151.42471
142.98006
66.73948
10.702734
69.897415
146.78719
64.301544
182.50151
140.75575
56.99232
61.500084
57.088596
119.7443
28.247292
110.89664
22.521383
87.373505
58.001118
8.188669
34.675564
167.34282
21.779411
49.37189
92.25013
152.39975
24.867182
2.934147
171.04996
104.82817
141.34842
187.80972
9.69064
197.39255
167.90111
74.58058
148.4407
165.44722
132.44167
160.419
88.73674
152.05272
166.6581
7.523684
162.97691
45.32397
176.6666
80.30941
82.51906
30.868324
127.47135
168.36812
166.3797
12.053384
94.6029
140.22699
143.95052
186.97844
130.25562
137.18686
172.11935
13.405232
41.440117
87.03255
110.50292
41.537254
184.11186
194.16379
158.06895
49.41903
139.9323
45.703915
70.24554
176.86012
61.264576
162.40092
147.68593
121.17126
145.20071
18.64337
16.177376
131.63243
128.86281
157.67145
101.7527
119.49636
85.916016
36.071518
45.883965
86.462776
148.17621
45.89972
102.70752
66.94237
76.39099
183.28883
13.550231
78.061615
60.71734
59.149612
163.5971
176.24287
144.11526
180.58614
191.36052
30.326706
30.82153
70.902435
43.681942
38.58624
167.2631
41.585217
147.31706
140.61642
64.215485
81.40566
102.72571
104.963394
66.70566
185.79092
96.5082
9.492459
172.10591
113.873634
76.000084
73.87563
47.058746
31.135902
32.85753
152.21286
100.31944
172.32164
102.03605
48.683353
131.2977
142.29927
198.38525
180.25691
93.025024
161.8145
185.15312
177.87729
83.4702
60.58048
97.013
191.16298
10.570106
121.911
124.79756
141.55331
64.03863
191.10954
109.94337
154.9606
170.96188
174.08533
193.72104
97.37208
12.382918
173.17505
19.64536
135.47797
134.52473
33.906845
97.03073
149.28482
0.99547666
9.450987
199.47713
34.80633
101.26525
188.75935
194.14243
52.30645
55.8991
79.90381
75.9771
199.20224
40.47601
91.88125
15.667528
116.61737
187.81937
16.16094
120.854774
74.70907
122.10929
173.50766
157.26552
124.275055
28.642672
62.121876
79.71265
150.77904
69.45225
119.89592
82.49299
121.81678
117.691086
196.59329
194.53012
80.17699
102.63436
121.01553
16.680431
2.0347066
132.34546
143.72932
26.941017
113.44708
192.4989
37.684063
163.8682
38.204636
7.547845
47.058178
139.33577
36.22384
194.36919
88.92992
128.8327
184.04953
138.71461
32.87656
140.81956
47.66857
81.24131
110.36354
76.23434
2.719177
112.5914
138.79291
55.05762
68.31259
145.93422
84.33817
8.918062
138.06732
60.581284
133.20087
17.039095
15.588431
91.72868
92.68126
197.39821
91.50727
179.0773
1.4641716
155.79051
35.330246
181.02625
92.77812
42.5585
117.72736
11.330587
124.59421
170.07025
127.52476
61.559372
167.78876
103.598785
102.54773
135.38548
26.201508
154.07526
54.593937
139.68427
151.77928
73.259476
136.19916
152.61275
13.502365
80.19106
70.49059
20.287304
180.54915
132.35515
145.30583
121.37209
88.16197
195.81677
58.88832
182.83661
168.93538
165.64847
196.85272
30.335539
152.75516
41.29576
118.74686
113.109795
65.375206
171.09567
137.41917
156.00247
188.62611
45.983673
85.53415
160.1293
184.50812
44.494812
80.95994
198.93797
130.92815
109.48491
126.38656
37.83649
168.5988
171.56833
108.414635
143.26552
16.62511
25.088814
197.48813
141.0357
178.56216
109.5106
192.42725
33.945263
31.235292
52.436733
1.9503968
95.139656
165.37152
90.03243
10.456687
116.36927
130.0993
196.4514
136.47403
9.247333
122.631454
125.93309
159.5596
32.80492
159.9532
199.5597
165.07332
152.08563
71.096466
153.23154
136.12698
20.217627
56.587864
104.240105
8.145031
20.346043
175.91664
90.88809
93.855515
104.004265
144.3763
92.9263
85.16263
18.947603
47.391552
150.14749
43.23508
132.16847
13.449674
162.2976
99.27734
22.757349
126.0139
175.5349
5.8336086
144.46909
100.30354
38.988285
2.107153
139.29958
102.583755
49.53597
86.660545
21.072977
147.61562
193.74623
126.99504
41.985065
174.17494
42.992207
77.890205
5.2435493
169.05609
61.072857
129.01773
93.391624
186.73479
43.242996
57.2262
144.59613
194.87196
21.37497
20.026178
128.12715
165.09825
42.045376
94.18826
145.45142
124.026505
152.66031
36.998978
14.806414
181.19801
115.30295
27.602667
184.81853
58.67513
8.807647
131.99013
166.67288
161.25157
176.63506
127.57753
74.53844
146.759
131.44289
121.95219
20.396887
82.70655
36.817635
105.244194
22.119513
8.4975395
52.452423
186.7162
152.58116
61.72573
151.12685
183.54599
82.796074
72.56106
194.16486
53.40963
153.50533
81.992676
86.61676
192.35565
47.341396
197.7049
124.23248
55.5935
27.640184
165.6196
191.36243
101.202484
160.16638
5.6461983
72.24379
105.40002
140.46353
36.938416
197.69951
52.890842
112.235054
0.9645927
65.098015
66.952
181.10826
179.95636
141.49174
11.290691
3.3282504
3.808103
88.17328
69.34521
60.374367
40.257492
29.457497
186.58206
18.186712
71.185425
129.3194
147.47495
113.635956
172.13106
136.58661
51.234203
11.06478
132.62592
12.706648
48.988197
28.174484
181.70842
65.678894
10.00087
43.22603
15.988514
179.5617
95.64241
164.46951
166.88928
151.0354
37.213024
167.91199
189.2008
22.822113
37.352352
190.97832
4.8389072
38.33383
44.650112
7.315379
193.70953
32.740383
87.20616
1.9353777
87.83724
122.71917
193.2712
116.08878
195.42381
60.46909
175.73189
137.7033
158.26146
177.14105
12.087252
175.92043
128.93217
56.658207
112.695786
177.20612
143.483
152.96884
37.455734
115.708015
160.77492
92.095795
194.7136
21.976435
141.46034
184.91585
136.07889
101.86193
47.552757
117.42354
46.956017
41.347565
157.80899
82.3038
124.986755
193.2691
14.653296
168.95808
137.22978
98.32195
45.129593
38.6991
151.78653
105.448784
31.37626
177.64973
50.71535
125.64712
145.37575
141.95161
148.45895
178.43152
8.239025
188.2095
63.64261
171.63034
186.04253
116.66783
121.98368
92.892334
92.24351
45.435925
4.185897
85.22341
30.957
181.14911
95.07421
129.06982
85.88577
54.772728
38.85943
59.90861
136.45229
150.82674
160.30412
13.001937
65.68957
174.12889
72.69449
105.917206
13.705818
170.22461
160.90553
44.609917
126.04497
143.992
101.479614
170.31177
48.02376
105.48113
161.52138
52.16177
24.13351
12.866365
104.34501
74.46343
75.852196
79.46145
122.19224
167.64627
151.72104
165.06711
114.972496
88.455536
170.29677
81.49112
38.859623
67.58888
109.59932
7.9014235
159.71207
11.944626
135.93181
33.74281
63.666336
173.84082
10.458045
125.268364
0.88659924
81.0104
63.68032
146.30693
168.33565
158.87251
85.96809
154.70824
73.56572
70.52551
146.54597
42.977695
163.91022
150.10272
23.857502
94.93305
54.090137
11.57681
6.978383
189.78566
140.13217
77.794586
110.761475
0.8690561
148.62773
193.4689
36.65298
8.308208
