39.26186
9.658508
109.31349
162.56836
172.92009
81.53958
72.524704
119.144356
13.781036
64.42883
8.981643
42.81928
112.31503
158.72668
15.517083
7.684482
117.95406
67.61228
136.12767
68.307106
58.596428
14.406241
71.05867
107.84845
13.660147
167.41795
32.418835
189.54413
46.07212
128.5336
68.84176
116.33706
61.900295
190.43393
188.1544
80.212654
125.90641
22.213224
169.7096
65.792786
77.11728
104.3044
76.98424
62.00347
60.582794
0.99719614
156.2403
131.13858
19.809074
32.469894
38.49104
186.40009
78.92585
88.13742
149.71028
137.00287
84.46692
9.251654
178.16768
74.19
173.71341
161.07257
147.96834
192.01244
89.86944
113.561584
104.32072
163.48438
73.91035
154.43129
28.751432
125.7341
128.7639
69.51885
171.43156
67.02709
73.55515
42.832573
112.973915
54.04664
83.96597
52.25458
149.50629
189.57478
149.33066
166.76495
32.520885
48.724056
67.909164
87.18567
88.94551
6.1287603
48.850025
114.8254
97.077354
137.01164
92.6752
81.03917
0.46558845
51.80042
81.68936
25.59945
4.524241
106.97583
127.53668
172.90842
19.602217
124.09098
195.19815
22.46357
189.4325
44.409378
151.04312
143.62202
175.32793
48.36723
167.11876
144.59128
154.18663
177.07281
54.681705
71.70736
132.31454
7.3141665
197.0463
187.44402
177.26901
52.053654
105.14408
74.2292
126.37185
85.14605
28.76
116.0282
43.235798
122.02456
122.23021
20.785397
162.59392
127.35693
185.45758
164.19958
88.91627
66.18163
179.42085
158.94035
195.74408
66.79203
149.92352
183.29628
110.36638
21.644094
84.14959
39.377846
62.409954
116.82112
171.66267
53.381615
125.1081
151.09674
144.80597
179.05423
184.45981
82.395256
33.030663
20.378153
34.185486
22.456247
181.50067
150.63356
113.33131
89.768036
156.39186
72.373955
78.56907
126.34268
187.62431
36.485424
34.68419
85.662636
84.33659
118.38262
34.439487
107.13742
99.230865
35.527313
2.9478035
106.66597
14.988674
182.83803
141.88187
133.40877
179.27698
61.19227
125.29505
169.63104
124.43445
79.10538
11.52207
83.4865
173.74866
18.803368
164.57379
83.86895
58.30471
75.28933
3.636031
71.96654
46.706287
100.63616
80.72695
135.91167
24.540722
115.62109
24.263575
92.9271
151.27937
86.95035
80.232796
47.62679
169.37555
10.705029
132.85782
5.6375184
143.64224
91.27199
193.09633
58.465706
168.56195
59.906673
6.0015216
138.54095
197.00201
38.20734
46.923332
32.626266
15.878129
19.162914
151.72147
37.292328
122.629974
12.069855
157.60806
141.91121
40.942566
177.49586
18.93242
132.63263
54.967613
64.601234
106.16608
125.06373
38.36919
155.51158
196.54153
153.881
7.8387156
120.0681
21.243229
174.36124
40.29409
89.16494
146.74484
163.82553
58.79859
66.01534
36.83224
150.24878
114.305115
112.0718
167.04666
140.79453
168.65181
167.95749
44.728043
74.79319
18.8055
99.64983
125.5337
83.68898
93.16954
196.28925
111.25312
104.73932
197.8429
88.36922
163.93446
65.757744
94.03804
103.69668
177.78413
34.949528
47.43491
33.394405
12.995848
112.89677
6.069128
141.34991
114.61104
33.007805
35.42248
17.898287
14.707704
32.25333
67.704285
152.15903
47.660046
155.76959
106.88243
77.329956
195.90686
166.91682
171.84335
29.374016
127.61145
48.63876
57.130222
51.91737
187.79175
102.47717
44.02928
178.81044
160.94395
78.352776
4.3443756
130.68605
35.879032
1.2321398
105.02
72.981575
172.43626
0.057526946
143.8437
0.27520946
194.93324
89.82491
24.778774
35.41874
18.657667
109.452866
16.048609
161.8325
53.400837
76.09299
24.91433
43.460777
21.978504
80.79027
170.15775
29.268589
181.88004
120.90981
36.60181
187.79404
44.631924
141.50372
155.57123
72.15279
150.15732
40.80035
71.01607
77.02412
72.3582
84.255264
23.091688
116.53122
7.342357
67.111786
9.308337
125.56055
27.162796
67.17617
167.93445
166.94844
169.63202
137.52066
69.157616
113.09573
178.71944
3.0853665
196.57791
162.95395
110.23528
145.65771
54.92806
53.959454
173.9495
188.46605
149.48575
133.37492
95.98992
24.631674
148.4635
64.629974
154.3088
72.98181
61.731632
61.636127
65.20237
190.2331
47.5505
167.68327
80.31336
120.313705
93.558304
25.408646
191.2419
119.59975
109.08108
20.461336
32.834946
161.0992
112.90186
23.868313
126.42061
91.12471
3.9463673
6.7412033
110.69808
88.75456
61.912613
155.8453
170.69012
161.38823
40.69254
179.68547
194.10947
198.96175
89.50379
62.146175
59.686607
104.8949
164.97012
194.35597
93.45121
123.60103
81.95937
195.32936
116.65499
92.397194
91.808075
18.07162
52.96905
159.91083
73.6322
130.21565
162.78403
133.58672
77.743805
56.89174
28.886885
45.65565
69.76368
178.41481
30.483107
159.93434
89.84036
186.50616
11.478807
81.083725
63.45632
20.149399
174.13226
73.46057
178.62216
25.813324
110.62987
148.45541
78.83039
116.65735
122.83662
137.21725
111.96029
41.46751
174.41693
29.923613
122.39583
116.454384
169.71635
133.26205
176.93893
121.67672
160.24072
74.5475
174.6708
118.73752
142.26376
163.90681
106.73388
107.532166
128.0405
115.22083
4.0780964
107.2109
148.2982
22.021015
139.53452
20.150803
175.12238
186.29607
35.150524
117.61533
42.050686
106.17186
66.54054
171.91211
82.13271
42.685432
153.07677
152.24263
4.908956
106.38182
176.0647
0.0703189
89.707825
131.22043
176.61865
104.716064
85.3545
136.28523
50.77253
111.023415
75.33112
115.050865
181.43149
8.3181715
192.62274
37.46501
25.090828
73.5201
49.92912
101.864494
105.81816
171.14723
88.61757
31.75087
159.81561
149.08606
143.73735
176.70905
120.948944
11.383596
172.61156
147.26009
40.951138
197.95056
100.96764
90.197266
97.577545
55.946995
103.26307
93.962326
159.8111
48.755047
152.8079
2.8766193
151.2852
15.826435
152.48149
114.54957
81.41329
70.32442
188.2856
36.54484
98.28373
101.36354
35.67184
186.39244
58.199
133.78279
192.52634
33.292423
103.80907
190.77081
12.890105
0.36431712
196.10828
3.2946382
171.93872
173.05351
55.136204
115.16603
105.44037
192.31425
130.04254
43.71267
35.85659
150.44629
41.24707
173.4039
122.44517
152.97015
15.745478
183.41373
154.17027
61.68415
171.18246
39.986538
41.92015
192.0533
95.13382
120.603905
160.47762
2.3390083
13.109335
79.333534
140.88454
82.38562
142.10895
11.37417
20.28638
26.737818
186.13463
129.69339
119.03824
59.770912
145.88081
127.787674
33.799232
169.77367
86.89693
69.97715
110.537384
4.4311004
38.83513
24.280157
92.812386
81.9127
182.9673
132.7957
128.39902
179.77907
125.97555
0.65444213
161.2593
78.17806
155.09035
176.98196
136.0666
154.3091
122.971535
99.95058
198.93068
51.892193
20.296846
182.87912
190.66731
182.38623
159.84361
129.47256
197.902
153.95856
17.919327
83.67635
152.4925
169.71585
157.31699
43.25324
51.199703
188.46432
90.54163
96.07297
105.23262
199.27461
32.874855
74.23819
23.237549
125.38499
41.913853
163.5526
81.497696
43.484123
43.542816
54.470356
41.554142
181.17236
103.863815
175.54842
138.15477
138.40854
22.4353
11.556266
79.382996
168.00703
94.23643
75.78069
76.01338
145.7573
116.09558
179.69527
148.58644
62.496704
197.89214
23.04807
148.39062
78.47427
79.66043
13.553008
72.48438
194.60161
52.7956
17.753582
153.08667
15.694681
36.880795
43.260418
58.10956
107.56805
73.22613
57.44683
152.30222
82.85082
62.029606
58.819412
137.42009
189.65173
192.14076
134.66357
115.029274
22.708086
190.72809
162.1966
197.00096
28.41171
54.721546
40.34383
26.44602
133.11226
116.72179
75.38617
165.78546
88.356476
145.13814
186.10995
58.847565
197.22966
81.637505
142.72339
180.32785
162.72331
178.55692
108.685776
48.643486
82.06107
114.752495
115.72971
197.15868
100.17225
140.42809
169.738
173.95358
131.01094
29.807106
58.770935
171.7537
157.17567
5.0815616
14.421478
177.3329
126.29292
35.892056
163.80962
173.64789
176.88525
15.663598
1.9090384
128.15756
46.95318
69.44181
112.5329
57.225876
45.25688
57.444626
71.18766
169.2024
98.29256
4.365002
74.137184
157.71956
125.21534
106.53014
155.40192
141.94165
138.46895
147.34348
77.05069
131.94484
19.639738
186.00558
108.02597
35.104267
78.06105
75.33083
142.87532
113.3081
63.95094
111.54658
154.14565
51.0147
78.3749
122.28222
20.828949
0.6141803
199.08237
158.5258
130.1313
134.25058
24.274195
72.14597
10.969569
150.20671
125.61535
32.64754
24.983368
57.148624
197.3159
65.14906
14.4822645
190.97226
89.860146
176.14151
186.6313
6.6898956
124.97224
174.40697
199.31056
131.73956
102.66423
91.54688
6.467471
67.29569
31.720325
159.88971
119.41317
180.60487
41.728737
15.117931
145.39719
44.065376
167.78082
156.77495
175.92755
145.71509
138.21442
121.88251
14.68602
120.98728
141.28662
105.21965
158.52135
137.03929
198.41856
94.38464
74.88579
98.65409
29.663145
178.58138
55.213272
138.66068
161.30385
137.14236
166.1204
6.013781
96.00114
117.12054
168.94415
71.119446
42.660446
168.85226
133.01283
130.68755
186.20349
24.21494
29.180092
13.338468
166.68286
174.37175
57.53432
162.38579
132.68721
32.11769
36.828293
103.66249
35.742413
148.51039
63.057446
193.95352
140.42184
94.28985
30.747322
89.54255
39.136765
113.661766
102.89383
174.5765
181.08548
11.339033
14.132801
145.39651
51.597893
143.30664
196.59802
59.67912
71.11986
47.59524
129.05981
28.177261
22.339472
173.41919
27.318869
152.0455
159.46544
145.3551
17.463324
90.17953
105.42511
33.807163
63.479233
178.69505
0.7580869
193.8259
156.83784
118.616844
132.23863
181.41745
18.065878
98.04356
39.76829
59.80044
8.937558
21.499712
76.83767
67.63822
108.81025
81.88122
182.8644
137.09425
69.75821
29.346302
14.971807
121.62889
32.54172
166.69887
182.28099
21.776142
159.08197
132.25693
127.54648
181.70914
16.994396
118.89352
8.973681
170.22354
137.86655
121.88352
149.31403
56.838314
163.34885
108.38454
39.8416
47.03371
91.759796
57.82544
113.57288
150.2164
142.78987
35.17186
135.09879
119.822296
69.021
27.98267
93.65652
127.037766
160.36171
3.3671665
131.57582
107.94016
111.13027
122.397934
91.993004
58.429085
149.4018
87.22955
127.73276
142.14008
164.36703
190.11874
77.51675
123.60253
9.834427
183.73683
186.16487
142.2243
110.6391
198.61073
22.213444
2.2555377
153.60551
196.22377
129.3822
